  equal: 72 configs
  icw: 144 configs
  ridge: 216 configs
  xgb: 288 configs

=== top 18 by quintile-spread t ===
method scheme  cap  floor  min_themes     ic   ic_t   topk  topk_t  quint  quint_t  excess      ir  sharpe   maxdd  max_w  w_ownership  w_risk  w_momentum  w_quality  w_reversal
 equal   topk 0.40   0.00           3 0.0389 4.6333 0.0052  3.2538 0.0085   3.3346  0.0061  0.0557  1.1497 -0.4119 0.3890        0.081   0.204       0.389      0.250       0.077
 equal   topk 0.35   0.00           3 0.0430 5.3323 0.0030  1.8640 0.0082   3.3028 -0.0700 -0.3568  0.9323 -0.4461 0.3500        0.113   0.205       0.350      0.219       0.114
 equal   topk 0.45   0.00           3 0.0365 4.3511 0.0055  3.5992 0.0085   3.2562  0.0078  0.0626  1.1937 -0.3583 0.3892        0.066   0.203       0.389      0.281       0.061
 equal   topk 0.50   0.00           3 0.0362 4.3484 0.0056  3.5894 0.0085   3.2524  0.0093  0.0766  1.1807 -0.3583 0.3708        0.060   0.197       0.371      0.312       0.060
 equal   topk 1.00   0.00           3 0.0358 4.3230 0.0056  3.6448 0.0083   3.2188  0.0464  0.2678  1.2953 -0.3583 0.3534        0.053   0.192       0.342      0.353       0.059
 equal   topk 0.35   0.06           3 0.0406 4.8889 0.0033  2.2003 0.0077   3.0633  0.0076  0.0460  1.1786 -0.3494 0.3265        0.113   0.204       0.326      0.243       0.114
 equal   topk 0.30   0.00           3 0.0448 5.6048 0.0021  1.3440 0.0072   2.9512 -0.1150 -0.6004  0.7808 -0.4461 0.3125        0.151   0.223       0.313      0.188       0.126
 equal   topk 0.50   0.06           3 0.0395 4.8184 0.0034  2.2375 0.0073   2.9221 -0.0172 -0.0895  1.1229 -0.3493 0.3074        0.097   0.194       0.299      0.307       0.101
 equal   topk 1.00   0.06           3 0.0395 4.8184 0.0034  2.2375 0.0073   2.9221 -0.0172 -0.0895  1.1229 -0.3493 0.3074        0.097   0.194       0.299      0.307       0.101
 equal   topk 0.45   0.06           3 0.0397 4.8319 0.0034  2.1963 0.0073   2.9107 -0.0123 -0.0630  1.1409 -0.3493 0.3038        0.099   0.196       0.304      0.299       0.103
 equal   topk 0.40   0.06           3 0.0400 4.8422 0.0036  2.3599 0.0073   2.9030 -0.0184 -0.0947  1.1168 -0.3493 0.3167        0.104   0.201       0.317      0.273       0.106
 equal   topk 0.30   0.06           3 0.0431 5.3278 0.0017  1.1269 0.0069   2.7911 -0.0437 -0.2425  1.0341 -0.4013 0.3000        0.137   0.202       0.300      0.219       0.142
 equal   topk 0.30   0.10           3 0.0420 5.1389 0.0018  1.2146 0.0064   2.5760 -0.0663 -0.3806  0.9479 -0.3923 0.2853        0.141   0.203       0.285      0.227       0.143
 equal   topk 0.35   0.10           3 0.0416 5.1030 0.0017  1.1191 0.0062   2.5090 -0.0429 -0.2507  1.0210 -0.3924 0.2793        0.131   0.200       0.279      0.256       0.133
 equal   topk 0.40   0.10           3 0.0414 5.0913 0.0018  1.1915 0.0062   2.4896 -0.0320 -0.1824  1.0525 -0.3924 0.2760        0.127   0.196       0.271      0.276       0.130
 equal   topk 0.45   0.10           3 0.0414 5.0890 0.0018  1.2140 0.0062   2.4825 -0.0420 -0.2464  1.0264 -0.3924 0.2767        0.127   0.196       0.271      0.277       0.130
 equal   topk 0.50   0.10           3 0.0414 5.0890 0.0018  1.2140 0.0062   2.4825 -0.0420 -0.2464  1.0264 -0.3924 0.2767        0.127   0.196       0.271      0.277       0.130
 equal   topk 1.00   0.10           3 0.0414 5.0890 0.0018  1.2140 0.0062   2.4825 -0.0420 -0.2464  1.0264 -0.3924 0.2767        0.127   0.196       0.271      0.277       0.130

=== top 12 by book excess ===
method scheme  cap  floor  min_themes     ic   ic_t   topk  topk_t  quint  quint_t  excess      ir  sharpe   maxdd  max_w  w_ownership  w_risk  w_momentum  w_quality  w_reversal
   icw   topk 0.35   0.00           3 0.0370 4.0890 0.0016  1.0325 0.0060   2.1711  0.0679  0.3643  1.3814 -0.3639 0.3495        0.155   0.210       0.349      0.219       0.067
 equal   topk 1.00   0.00           3 0.0358 4.3230 0.0056  3.6448 0.0083   3.2188  0.0464  0.2678  1.2953 -0.3583 0.3534        0.053   0.192       0.342      0.353       0.059
 equal   topk 0.50   0.00           3 0.0362 4.3484 0.0056  3.5894 0.0085   3.2524  0.0093  0.0766  1.1807 -0.3583 0.3708        0.060   0.197       0.371      0.312       0.060
 equal   topk 0.45   0.00           3 0.0365 4.3511 0.0055  3.5992 0.0085   3.2562  0.0078  0.0626  1.1937 -0.3583 0.3892        0.066   0.203       0.389      0.281       0.061
 equal   topk 0.35   0.06           3 0.0406 4.8889 0.0033  2.2003 0.0077   3.0633  0.0076  0.0460  1.1786 -0.3494 0.3265        0.113   0.204       0.326      0.243       0.114
   xgb   topk 0.45   0.00           3 0.0265 3.2719 0.0004  0.2464 0.0015   0.5534  0.0071  0.0370  1.2336 -0.3591 0.4171        0.057   0.188       0.417      0.281       0.057
 equal   topk 0.40   0.00           3 0.0389 4.6333 0.0052  3.2538 0.0085   3.3346  0.0061  0.0557  1.1497 -0.4119 0.3890        0.081   0.204       0.389      0.250       0.077
 equal   topk 0.45   0.06           3 0.0397 4.8319 0.0034  2.1963 0.0073   2.9107 -0.0123 -0.0630  1.1409 -0.3493 0.3038        0.099   0.196       0.304      0.299       0.103
 equal   topk 0.50   0.06           3 0.0395 4.8184 0.0034  2.2375 0.0073   2.9221 -0.0172 -0.0895  1.1229 -0.3493 0.3074        0.097   0.194       0.299      0.307       0.101
 equal   topk 1.00   0.06           3 0.0395 4.8184 0.0034  2.2375 0.0073   2.9221 -0.0172 -0.0895  1.1229 -0.3493 0.3074        0.097   0.194       0.299      0.307       0.101
 equal   topk 0.40   0.06           3 0.0400 4.8422 0.0036  2.3599 0.0073   2.9030 -0.0184 -0.0947  1.1168 -0.3493 0.3167        0.104   0.201       0.317      0.273       0.106
   icw   topk 0.40   0.00           3 0.0345 3.7768 0.0021  1.3515 0.0066   2.3463 -0.0217 -0.0996  1.0895 -0.3515 0.3766        0.126   0.190       0.377      0.250       0.058

=== marginals ===

-- method
         quint  quint_t    topk  topk_t  excess      ir  sharpe   maxdd
method                                                                 
equal   0.0049   2.0219  0.0009  0.5953 -0.0870 -0.5248  0.8779 -0.4017
icw     0.0021   0.7896 -0.0010 -0.6222 -0.1393 -0.8458  0.7330 -0.3639
ridge  -0.0004  -0.1447 -0.0033 -2.0461 -0.1786 -1.1587  0.6209 -0.3439
xgb     0.0004   0.1704 -0.0008 -0.5417 -0.1423 -1.0431  0.7358 -0.3392

-- scheme
         quint  quint_t    topk  topk_t  excess      ir  sharpe   maxdd
scheme                                                                 
equal   0.0016   0.6625 -0.0012 -0.7656 -0.1605 -1.0435  0.6554 -0.3752
ic_t    0.0003   0.1555 -0.0019 -1.1957 -0.1570 -1.0418  0.6780 -0.3620
topk    0.0034   1.3099 -0.0000  0.0003 -0.0928 -0.5939  0.8923 -0.3494

-- cap
       quint  quint_t    topk  topk_t  excess      ir  sharpe   maxdd
cap                                                                  
0.30  0.0018   0.7165 -0.0013 -0.7873 -0.1422 -0.9298  0.7247 -0.3677
0.35  0.0018   0.7178 -0.0011 -0.6804 -0.1382 -0.9063  0.7350 -0.3660
0.40  0.0018   0.7160 -0.0010 -0.6153 -0.1351 -0.8818  0.7480 -0.3601
0.45  0.0018   0.7053 -0.0010 -0.6131 -0.1347 -0.8780  0.7493 -0.3603
0.50  0.0018   0.7021 -0.0010 -0.6148 -0.1361 -0.8863  0.7443 -0.3595
1.00  0.0017   0.6981 -0.0010 -0.6112 -0.1343 -0.8763  0.7500 -0.3595

-- floor
        quint  quint_t    topk  topk_t  excess      ir  sharpe   maxdd
floor                                                                 
0.00   0.0020   0.7651 -0.0007 -0.4290 -0.1312 -0.8508  0.7479 -0.3716
0.06   0.0019   0.7483 -0.0010 -0.6365 -0.1317 -0.8616  0.7620 -0.3605
0.10   0.0016   0.6662 -0.0013 -0.7885 -0.1367 -0.8948  0.7492 -0.3566
0.14   0.0016   0.6576 -0.0012 -0.7607 -0.1476 -0.9651  0.7085 -0.3601
