  cap=0.35 floor=0.06 done (1008)
  cap=0.4 floor=0.0 done (2016)
  cap=0.35 floor=0.0 done (3024)
  cap=0.45 floor=0.06 done (4032)

=== top 20 by information ratio ===
 cap  floor  univ  min_pos  slots  entry  exit  rebal  sec_cap   ann  bench  excess    ir  sharpe  maxdd  cost  hold  yr_pos  yr_min
0.45   0.06   750        3     10     20    30      2        3 0.437  0.297   0.140 0.719   1.663 -0.339 0.084  20.0     0.6  -0.021
0.45   0.06   750        2     10     20    30      2        3 0.415  0.297   0.118 0.647   1.471 -0.377 0.062  20.0     0.8  -0.008
0.45   0.06   750        3     10     15    30      2        3 0.420  0.297   0.123 0.636   1.617 -0.339 0.083  20.0     0.6  -0.058
0.45   0.06   750        3     10     20    25      2        3 0.420  0.297   0.123 0.628   1.593 -0.337 0.094  20.0     0.8  -0.084
0.45   0.06   750        0     10     20    30      2        3 0.407  0.297   0.110 0.621   1.438 -0.392 0.062  20.0     0.8  -0.008
0.45   0.06   750        3     10     15    25      2        3 0.415  0.297   0.117 0.605   1.580 -0.337 0.092  20.0     0.8  -0.093
0.45   0.06   750        2     10     15    30      2        3 0.400  0.297   0.103 0.577   1.432 -0.377 0.062  20.0     0.8  -0.032
0.35   0.06   750        0      8     16    32      2        3 0.410  0.297   0.113 0.566   1.455 -0.328 0.064  20.0     0.6  -0.059
0.35   0.06   750        0      8     24    32      2        3 0.410  0.297   0.113 0.566   1.455 -0.328 0.064  20.0     0.6  -0.059
0.35   0.06   750        2      8     16    32      2        3 0.410  0.297   0.113 0.566   1.455 -0.328 0.064  20.0     0.6  -0.059
0.35   0.06   750        2      8     24    32      2        3 0.410  0.297   0.113 0.566   1.455 -0.328 0.064  20.0     0.6  -0.059
0.45   0.06   750        2      8     16    20      2        2 0.400  0.297   0.103 0.556   1.381 -0.398 0.079  20.0     0.6  -0.088
0.45   0.06   750        3      8     16    32      2        3 0.409  0.297   0.111 0.556   1.492 -0.383 0.081  20.0     0.4  -0.101
0.45   0.06   750        3      8     24    32      2        3 0.409  0.297   0.111 0.556   1.492 -0.383 0.081  20.0     0.4  -0.101
0.45   0.06   750        0     10     15    30      2        3 0.393  0.297   0.096 0.551   1.400 -0.392 0.061  20.0     0.8  -0.032
0.45   0.06   500        3     10     15    30      2        3 0.403  0.297   0.106 0.533   1.551 -0.339 0.080  20.0     0.6  -0.090
0.45   0.06   750        0      8     16    20      2        2 0.391  0.297   0.094 0.525   1.345 -0.416 0.079  20.0     0.6  -0.088
0.45   0.06   750        3     12     24    30      2        3 0.387  0.297   0.089 0.513   1.546 -0.352 0.085  20.0     0.6  -0.087
0.45   0.06   750        3      8     12    32      2        3 0.399  0.297   0.102 0.513   1.465 -0.383 0.081  20.0     0.4  -0.101
0.45   0.06   750        3     12     18    30      2        3 0.386  0.297   0.088 0.508   1.548 -0.352 0.084  20.0     0.6  -0.074

=== marginals ===

-- univ
      excess     ir  sharpe  maxdd   cost  hold
univ                                           
100   -0.107 -0.763   0.927 -0.300  0.024  40.0
200   -0.136 -0.891   0.767 -0.363  0.042  30.0
500   -0.028 -0.134   1.084 -0.376  0.072  20.0
750   -0.020 -0.093   1.113 -0.376  0.077  20.0

-- min_pos
         excess     ir  sharpe  maxdd   cost  hold
min_pos                                           
0        -0.072 -0.446   1.004 -0.365  0.046  30.0
2        -0.072 -0.437   1.001 -0.361  0.046  30.0
3        -0.098 -0.598   0.912 -0.358  0.077  20.0

-- cap
      excess     ir  sharpe  maxdd   cost  hold
cap                                            
0.35  -0.082 -0.507   0.968 -0.363  0.062  20.0
0.40  -0.065 -0.355   0.998 -0.372  0.055  30.0
0.45  -0.059 -0.351   1.028 -0.349  0.057  25.0

-- floor
       excess     ir  sharpe  maxdd   cost  hold
floor                                           
0.00   -0.082 -0.495   0.947 -0.385  0.059  25.0
0.06   -0.062 -0.367   1.028 -0.349  0.059  25.0

-- slots
       excess     ir  sharpe  maxdd   cost  hold
slots                                           
8      -0.079 -0.422   0.947 -0.374  0.065  20.0
10     -0.076 -0.484   0.982 -0.364  0.058  25.0
12     -0.067 -0.452   1.037 -0.354  0.055  30.0

-- rebal
       excess     ir  sharpe  maxdd   cost  hold
rebal                                           
1      -0.077 -0.452   0.973 -0.361  0.070  20.0
2      -0.073 -0.455   1.005 -0.363  0.054  30.0

-- entry
       excess     ir  sharpe  maxdd   cost  hold
entry                                           
12     -0.081 -0.443   0.939 -0.374  0.066  20.0
15     -0.079 -0.494   0.974 -0.363  0.059  20.0
16     -0.082 -0.442   0.944 -0.374  0.067  20.0
18     -0.068 -0.469   1.037 -0.354  0.056  25.0
20     -0.074 -0.478   0.990 -0.363  0.061  20.0
24     -0.062 -0.379   1.029 -0.355  0.057  25.0
30     -0.068 -0.395   1.007 -0.366  0.053  30.0
36     -0.078 -0.530   0.997 -0.358  0.048  30.0
