301 of 704 book settings hold modelled cost at or under 4% a year

=== of those, the top 20 by information ratio ===
 univ gate  slots  entry  exit  rebal   ann  bench  gross  cost  excess    ir  sharpe  maxdd  hold  ntr  min_names  short  yr_pos  yr_min
  500 none     10     20    80      4 0.405  0.297  0.438 0.033   0.108 0.557   1.564 -0.307  55.0  181        277      0     0.6  -0.081
  500 none     10     30    80      4 0.405  0.297  0.438 0.033   0.108 0.557   1.564 -0.307  55.0  181        277      0     0.6  -0.081
  500 none     10     15    80      4 0.405  0.297  0.438 0.033   0.108 0.557   1.564 -0.307  55.0  181        277      0     0.6  -0.081
  750 none     10     20    80      4 0.401  0.297  0.436 0.035   0.104 0.553   1.555 -0.307  40.0  193        277      0     0.6  -0.095
  750 none     10     30    80      4 0.401  0.297  0.436 0.035   0.104 0.553   1.555 -0.307  40.0  193        277      0     0.6  -0.095
  500 none     20     60   120      4 0.381  0.297  0.405 0.023   0.084 0.540   1.686 -0.301  60.0  283        277      0     1.0   0.002
  500 none     20     30   120      4 0.381  0.297  0.405 0.023   0.084 0.540   1.686 -0.301  60.0  283        277      0     1.0   0.002
  500 none     20     40   120      4 0.381  0.297  0.405 0.023   0.084 0.540   1.686 -0.301  60.0  283        277      0     1.0   0.002
  750 none     10     15    80      4 0.395  0.297  0.430 0.035   0.098 0.515   1.551 -0.307  40.0  193        277      0     0.6  -0.095
  750 none     20     30    60      6 0.371  0.297  0.402 0.032   0.074 0.512   1.616 -0.312  30.0  405        277      0     0.8  -0.054
  750 none     20     40    60      6 0.369  0.297  0.401 0.032   0.072 0.504   1.596 -0.312  30.0  415        277      0     0.8  -0.051
  500 none     20     40    60      6 0.363  0.297  0.395 0.032   0.066 0.458   1.594 -0.312  35.0  399        277      0     0.8  -0.062
  500 none     20     30    60      6 0.363  0.297  0.394 0.031   0.066 0.452   1.596 -0.312  35.0  396        277      0     0.8  -0.057
  750 none     20     30    80      6 0.363  0.297  0.390 0.027   0.066 0.443   1.584 -0.316  60.0  347        277      0     0.8  -0.112
  750 none     12     18    96      4 0.374  0.297  0.406 0.031   0.077 0.422   1.551 -0.292  55.0  213        277      0     0.8  -0.056
  750 none     12     36    96      4 0.373  0.297  0.404 0.031   0.076 0.414   1.546 -0.292  55.0  214        277      0     0.6  -0.056
  750 none     12     24    96      4 0.373  0.297  0.404 0.031   0.076 0.414   1.546 -0.292  55.0  214        277      0     0.6  -0.056
  750 none     20     30   120      6 0.357  0.297  0.378 0.021   0.060 0.401   1.545 -0.302  60.0  263        277      0     0.6  -0.059
  750 none     20     60    80      6 0.355  0.297  0.383 0.028   0.058 0.395   1.544 -0.316  60.0  358        277      0     0.6  -0.105
  750 none     20     40    80      6 0.355  0.297  0.383 0.028   0.058 0.394   1.545 -0.316  60.0  354        277      0     0.6  -0.105

=== cost vs everything else, across the whole sweep ===
              gross  excess     ir  sharpe  maxdd  hold
cost_band                                              
(0.0, 0.02]   0.329   0.015  0.033   1.474 -0.273  80.0
(0.02, 0.03]  0.340   0.017  0.047   1.399 -0.300  60.0
(0.03, 0.04]  0.355   0.023  0.073   1.462 -0.304  40.0
(0.04, 0.06]  0.358   0.013 -0.028   1.578 -0.210  40.0
(0.06, 0.09]  0.369  -0.001 -0.079   1.328 -0.296  30.0
(0.09, 1.0]   0.414   0.025  0.080   1.406 -0.306  20.0
